0000000000000000000000011111111111111111111111111111111111111111 
1000000000000000111111111111111111111111111111111110000000000000 
1110000000000001111111111111111111111111111111111111100000111111 
1111000000000001111111111111111111111111111111111111110001111111 
1111000000000000111111111111111111111111111111111111110001111111 
1111100000000000111111111111111111111111111111111111110011111111 
1111100000000000111111111111111111111111111111111111100011111111 
1111110000000000011111111111111111111111111111111111100111111111 
1111111000000000001111111111111111111111111111111111001111111111 
1111111000000000001111111111111111111111111111111111001111111111 
1111111100000000000111111111111111111111111111111110011111111111 
1111111100000000000111111111111111111111111111111110011111111111 
1111111110000000000011111111111111111111111111111100111111111111 
1111111110000000000011111111111111111111111111111100111111111111 
1111111111000000000000111111111111111111111111111001111111111111 
1111111111000000000000000000000000000000000000000001111111111111 
1111111111100000000000011111111111111111111111100011111111111111 
1111111111110000000000011111111111111111111111100111111111111111 
1111111111110000000000001111111111111111111111100111111111111111 
1111111111111000000000001111111111111111111111001111111111111111 
1111111111111000000000001111111111111111111111001111111111111111 
1111111111111100000000000111111111111111111110011111111111111111 
1111111111111110000000000011111111111111111100011111111111111111 
1111111111111110000000000011111111111111111100111111111111111111 
1111111111111111000000000001111111111111111100111111111111111111 
1111111111111111000000000001111111111111111001111111111111111111 
1111111111111111100000000000111111111111110011111111111111111111 
1111111111111111100000000000111111111111110011111111111111111111 
1111111111111111110000000000011111111111100011111111111111111111 
1111111111111111110000000000011111111111100111111111111111111111 
1111111111111111111000000000001111111111001111111111111111111111 
1111111111111111111100000000000111111110001111111111111111111111 
1111111111111111111100000000000111111110011111111111111111111111 
1111111111111111111110000000000011111110011111111111111111111111 
1111111111111111111110000000000011111100111111111111111111111111 
1111111111111111111111000000000001111000111111111111111111111111 
1111111111111111111111100000000000000001111111111111111111111111 
1111111111111111111111100000000000000001111111111111111111111111 
1111111111111111111111100000000000000011111111111111111111111111 
1111111111111111111111110000000000000111111111111111111111111111 
1111111111111111111111111000000000000111111111111111111111111111 
1111111111111111111111111000000000000111111111111111111111111111 
1111111111111111111111111100000000001111111111111111111111111111 
1111111111111111111111111100000000001111111111111111111111111111 
1111111111111111111111111110000000011111111111111111111111111111 
1111111111111111111111111110000000011111111111111111111111111111 
1111111111111111111111111111000000111111111111111111111111111111 
1111111111111111111111111111000001111111111111111111111111111111 
